10
1 	56 	98
2 	98 	14
3 	20 	14
4 	20 	14
5 	56 	98
6 	-1 	-1

1 	382 	359
2 	382 	358
3 	382 	357
4 	215 	242
5 	215 	241
6 	215 	240
7 	710 	245
8 	710 	245
9 	710 	245
10 	715 	242
11 	695 	241
12 	-1 	-1

1 	0 	0
2 	1 	1
3 	2 	2
4 	1 	1
5 	0 	0
6 	4 	4
7 	-1 	-1

1 	382 	353
2 	484 	328
3 	695 	241
4 	715 	242
5 	695 	241
6 	695 	241
7 	710 	245
8 	715 	242
9 	695 	241
10 	-1 	-1

1 	95 	85
2 	658 	417
3 	0 	15
4 	569 	471
5 	-1 	-1


1 	90 	146
2 	90 	96
3 	90 	121
4 	90 	123
5 	90 	90
6 	90	96
7 	90 	245
8 	-1 	-1

1	973     	1313	
2	1066    	1967	
3	1292    	72	
4	1818    	377	
5	493     	151	
6	1098   	 1242	
7	1085    	1672	
8	1007    	783	
9	1098   	 1242	
10	1162    	1194	
11	1765    	1803	
12	220     	1189	
13	466     	1668	
14	246     	1293	
15	51      	617	
16	220     	1189		
17	783     	453	
18	941     	902	
19	1521    	1204	
20	-1	-1

1	100	101	
2	102    	103	
3	104     	95	
4	104	169    	
5	110     	156
6	142    	362	
7	165    	100	
8	192     	156	
9	246    	79
10	265     	137	
11	-1	-1

1 	59 	58
2 	57 	56
3 	55 	54
4 	53 	52
5 	51 	50
6 	-1 	-1

1	479 	494
2  	266 	910
3 	412 	110
4 	326 	42
5 	202 	386
6 	126 	381
7 	729 	545
8 	967	 165
9 	809 	293
10 	991 	236
11 	175 	573
12 	412 	110
13 	326 	42
14 	202 	386
15 	126 	381
16 	729 	545
17 	391 	645
18 	107 	248
19	412 	110
20	326 	42
21	202 	386
22	126 	381
23	729 	545
24 	391 	645
25 	107 	248
26	967	 165
27 	809 	293
28 	991 	236
29 	175 	573
30	412 	110
31	326 	42
32	202 	386
33	126 	381
34	729 	545
35 	391 	645
36 	107 	248
37 	-1 	-1

1 	1548 	1986
2 	2000 	589
3 	30 	861
4 	598 	745
5 	634 	500
6 	-1 	-1

1 	1 	1
2 	-1	 -1

1 	-1 	-1
